403431917.000000
411373118.000000
404044786.000000
413757868.000000
408285586.000000
410347931.000000
402312523.000000
404073687.000000
403731533.000000
415914936.000000
404255794.000000
402393642.000000
403159913.000000
403573590.000000
406329212.000000
405907755.000000
409208047.000000
401896756.000000
403607029.000000
404462317.000000
400820730.000000
405729401.000000
401532720.000000
402706836.000000
403553852.000000
404415206.000000
407166573.000000
409750314.000000
402230340.000000
405048735.000000
